
state={
	id=1
	name="STATE_1"

	history={

		add_core_of = GRN

	}

	provinces={
		3 14 25 26 84 104 110 142 143 153 182 199 217 221 223 274 286 308 357 371 398 410 423 427 457 494 506 514 516 521 525 532 539 573 615 625 634 640 642 653 678 693 709 724 732 736 760 778 830 831 837 841 878 881 882 915 917 940 985 1031 1044 1078 1079 1089 1154 1199 1218 1284 1297 1340 1341 1371 1375 1422 1430 1452 1466 1479 1488 1489 1505 1536 1568 1569 1575 1609 1617 1618 1718 1728 1810 1811 1825 1840 1854 1870 1903 1909 1993 2000 2059 2101 2118 2133 2153 2175 2176 2239 2268 2321 2330 2364 2368 2382 2448 2462 2544 2556 2567 2585 2615 2625 2643 2708 2741 2746 2750 2836 2909 2915 2916 2931 2937 2966 2969 3003 3005 3011 3013 3032 3048 3069 3081 3103 3104 3108 3131 3190 3204 3223 3265 3330 3334 3337 3340 3369 3396 3401 3447 3480 3492 3524 3540 3559 3566 3581 3589 3604 3625 3638 3649 3671 3682 3686 3711 3719 3728 3767 3836 3864 3917 3922 3947 3999 4022 4043 4051 4076 4086 4090 4120 4135 4143 4227 4231 4238 4240 4259 4262 4282 4290 4299 4348 4364 4375 4432 4451 4490 4517 4553 4582 4660 4713 4752 4765 4802 4879 4937 5025 5053 5056 5073 5141 5203 5207 5212 5218 5229 5252 5253 5255 5269 5273 5306 5339 5340 5386 5391 5392 5393 5395 5398 5399 5402 5403 5406 5407 5411 5412 5413 5414 5419 5423 5428 5429 5430 5432 5436 5437 5438 5439 5444 5446 5448 5449 5450 5452 5453 5465 5466 5467 5468 5469 5483 5484 5487 5489 5494 5496 5498 5499 5502 5504 5507 5514 5539 5540 5544 5545 5546 5564 5573 5579 5595 5597 5610 5617 5626 5638 5656 5662 8645 8646 8647 8648 8649 8650 8651 8652 8653 8654 8666 8672 8682 8686 8687 8689 8717 8718 8719 14071 14095 14098 14100 14147 
	}
	manpower=1
	buildings_max_level_factor=1.000
	state_category=town
}

