
state={
	id=13
	name="STATE_13"
	provinces={
		32 44 52 164 170 190 219 225 238 239 306 376 383 396 404 417 444 469 485 513 644 656 672 692 716 774 800 939 948 988 1005 1090 1119 1173 1181 1232 1353 1396 1468 1608 1613 1622 1646 1659 1708 1734 1779 1894 1901 1907 2021 2084 2109 2115 2155 2236 2304 2361 2430 2461 2468 2488 2491 2529 2581 2654 2666 2732 2765 2770 2795 2840 2841 2843 2858 2878 2913 2972 2985 2998 3024 3042 3043 3059 3080 3164 3188 3191 3192 3219 3285 3359 3385 3397 3398 3444 3487 3586 3591 3603 3605 3606 3627 3677 3734 3740 3784 3788 3794 3834 3849 3855 3862 3877 3889 3942 3945 3977 3987 4002 4015 4078 4105 4106 4183 4261 4286 4339 4360 4392 4426 4452 4483 4498 4502 4539 4554 4579 4603 4634 4662 4663 4678 4711 4751 4780 4800 4859 4910 4918 4919 4958 4985 4989 5094 5121 5132 5155 5162 5204 5211 5213 5248 5257 5258 7123 7133 7135 7142 7143 7148 7153 7155 7163 7170 7180 7183 7186 7187 7188 7201 7205 7207 7210 7211 7220 7222 7224 7225 7226 7231 7233 7235 7238 7239 7244 7245 7246 7248 7250 7251 7252 7253 7254 7255 7258 7259 7261 7263 7265 7267 7268 7271 7272 7274 7275 7276 7280 7282 7283 7284 7285 7286 7288 7290 7292 7294 7295 7296 7300 7303 7305 7306 7309 7311 7313 7314 7315 7316 7320 7321 7322 7324 7326 7327 7328 7330 7332 7333 7338 7339 7340 7341 7342 7343 7344 7346 7347 7348 7351 7353 7354 7359 7362 7366 7374 7375 7377 7409 7433 
	}
    
    history={

		add_core_of = COL
	}
    
	manpower=1
	state_category=town
	buildings_max_level_factor=1.000
}

