
state={
	id=14
	name="STATE_14"
	provinces={
		46 60 103 148 174 189 220 248 273 298 328 387 415 430 497 512 529 605 694 805 808 920 928 976 990 1022 1038 1039 1049 1052 1124 1131 1196 1365 1382 1425 1504 1541 1585 1628 1658 1732 1744 1746 1762 1845 1869 1939 1947 1965 2002 2027 2073 2090 2217 2245 2331 2339 2345 2436 2503 2661 2783 2802 2850 2926 3116 3122 3170 3175 3181 3251 3269 3287 3306 3329 3332 3336 3412 3499 3508 3510 3518 3592 3611 3615 3619 3623 3637 3710 3744 3802 3825 3846 3873 3882 3893 3951 4111 4356 4393 4476 4485 4562 4585 4587 4652 4708 4839 4934 4956 5000 5008 5030 5087 5088 5125 5176 5216 5217 5319 5336 5352 5361 7126 7128 7131 7132 7136 7137 7138 7139 7140 7144 7145 7146 7147 7149 7150 7151 7152 7154 7156 7157 7158 7160 7161 7162 7164 7165 7166 7168 7171 7172 7173 7174 7175 7176 7177 7178 7181 7184 7185 7189 7192 7193 7194 7196 7198 7199 7202 7204 7209 7212 7213 7214 7215 7216 7218 7219 7221 7227 7229 7232 7236 7237 7240 7241 7242 7249 7260 7262 7269 7270 7277 7278 7281 7291 7307 7312 7355 7356 7363 8785 8786 8787 8790 14352 14354 14355 
	}
    
    history={

		add_core_of = VEN
	}
    
	manpower=1
	state_category=town
	buildings_max_level_factor=1.000
}

