
state={
	id=2
	name="STATE_2"

	history={

		add_core_of = USA

	}

	provinces={
		7 11 13 16 17 18 21 28 30 31 34 36 39 41 43 50 51 53 56 67 70 83 88 89 92 95 97 98 102 106 108 120 122 129 130 133 134 155 157 159 162 168 173 181 185 192 193 201 204 206 218 224 231 236 240 243 245 254 258 259 265 266 267 269 275 277 278 280 284 285 292 312 314 318 322 323 325 326 329 332 337 338 339 344 351 363 368 370 377 378 379 389 390 392 394 401 402 406 409 411 418 419 421 424 426 431 432 439 443 449 450 452 453 459 461 467 479 482 483 486 488 489 491 495 496 508 509 518 530 533 534 536 546 549 555 564 566 569 570 572 580 581 583 586 591 604 607 611 613 618 622 626 629 631 662 664 666 668 671 673 681 684 685 686 697 721 734 735 741 745 746 749 763 764 765 769 770 782 784 785 789 791 801 804 810 816 834 835 845 848 849 852 854 865 870 871 875 879 891 892 893 896 897 898 904 905 908 911 913 919 921 926 930 931 933 935 937 942 943 946 949 953 955 958 961 963 969 970 972 975 981 984 993 994 996 999 1003 1011 1013 1021 1024 1025 1026 1027 1030 1033 1040 1042 1043 1047 1050 1051 1055 1057 1058 1061 1066 1067 1068 1072 1073 1080 1083 1087 1091 1096 1102 1105 1109 1110 1117 1120 1125 1126 1128 1129 1132 1133 1138 1141 1142 1149 1155 1160 1161 1162 1163 1164 1174 1176 1179 1192 1193 1198 1202 1204 1205 1208 1209 1214 1224 1225 1226 1239 1240 1248 1249 1255 1265 1281 1283 1286 1292 1295 1308 1309 1315 1318 1324 1328 1329 1333 1342 1345 1356 1359 1370 1381 1390 1393 1395 1398 1402 1403 1407 1418 1419 1423 1434 1436 1441 1443 1450 1470 1471 1474 1475 1477 1487 1492 1498 1501 1506 1509 1511 1513 1516 1521 1522 1525 1529 1530 1533 1548 1549 1551 1552 1564 1565 1582 1586 1589 1603 1607 1615 1616 1619 1627 1631 1632 1633 1634 1636 1638 1642 1644 1648 1652 1654 1655 1657 1660 1661 1670 1672 1682 1689 1690 1691 1699 1705 1706 1707 1711 1713 1714 1717 1721 1725 1726 1727 1730 1731 1735 1736 1739 1758 1760 1764 1766 1767 1774 1776 1783 1788 1790 1792 1793 1795 1799 1802 1803 1818 1819 1821 1824 1829 1836 1837 1842 1846 1849 1851 1852 1853 1859 1860 1867 1868 1879 1880 1882 1883 1888 1889 1891 1893 1917 1922 1923 1924 1925 1929 1931 1934 1935 1941 1945 1946 1950 1957 1963 1969 1970 1977 1978 1979 1981 1983 1992 1994 1997 2004 2005 2009 2015 2018 2020 2022 2026 2029 2030 2034 2039 2042 2044 2047 2050 2051 2053 2054 2055 2082 2083 2085 2092 2095 2097 2098 2103 2105 2108 2119 2122 2123 2126 2127 2129 2137 2141 2142 2152 2158 2160 2161 2163 2167 2169 2181 2184 2186 2187 2195 2196 2200 2201 2202 2204 2209 2211 2214 2221 2223 2224 2230 2235 2247 2248 2252 2257 2263 2266 2269 2270 2273 2277 2278 2279 2280 2281 2286 2296 2298 2302 2307 2308 2309 2310 2311 2312 2317 2324 2329 2332 2342 2343 2346 2348 2349 2351 2352 2357 2362 2363 2365 2366 2372 2379 2383 2390 2391 2392 2394 2398 2399 2403 2404 2408 2411 2416 2419 2424 2426 2427 2434 2435 2440 2443 2446 2449 2453 2454 2456 2472 2485 2487 2492 2493 2496 2499 2501 2502 2504 2509 2516 2518 2519 2525 2526 2530 2532 2541 2549 2554 2557 2558 2559 2574 2582 2588 2589 2599 2605 2606 2607 2610 2613 2614 2627 2631 2632 2635 2640 2641 2642 2646 2653 2656 2657 2664 2672 2680 2683 2691 2693 2697 2703 2704 2705 2711 2719 2722 2723 2728 2733 2738 2742 2744 2757 2779 2789 2791 2792 2796 2798 2801 2804 2814 2817 2819 2826 2829 2831 2833 2834 2842 2846 2847 2854 2855 2856 2867 2869 2872 2880 2888 2889 2891 2897 2901 2903 2904 2907 2925 2942 2944 2945 2948 2952 2953 2956 2957 2960 2963 2970 2973 2974 2979 2984 2986 2988 3000 3002 3007 3008 3015 3017 3025 3033 3035 3039 3045 3051 3055 3056 3058 3068 3070 3072 3074 3076 3082 3083 3090 3094 3099 3105 3115 3117 3119 3121 3124 3127 3129 3140 3144 3146 3149 3150 3151 3153 3155 3159 3166 3176 3183 3187 3189 3193 3197 3199 3203 3205 3206 3211 3220 3221 3225 3226 3227 3228 3231 3232 3238 3245 3254 3256 3259 3276 3279 3281 3292 3293 3296 3298 3302 3303 3309 3310 3312 3314 3322 3333 3346 3349 3350 3352 3353 3355 3356 3367 3373 3374 3376 3380 3383 3386 3387 3400 3402 3406 3408 3414 3415 3423 3430 3436 3440 3441 3445 3446 3453 3454 3458 3460 3461 3462 3467 3470 3473 3475 3478 3482 3490 3493 3496 3509 3526 3534 3536 3543 3547 3554 3555 3560 3561 3564 3568 3569 3579 3588 3598 3600 3608 3610 3612 3613 3614 3618 3620 3628 3635 3644 3646 3647 3648 3653 3657 3667 3670 3672 3689 3696 3699 3704 3713 3716 3717 3722 3723 3726 3729 3733 3736 3737 3743 3749 3751 3752 3753 3758 3759 3761 3763 3765 3770 3771 3774 3775 3776 3777 3783 3785 3786 3793 3800 3804 3805 3809 3812 3818 3819 3822 3828 3831 3840 3841 3850 3853 3859 3860 3863 3865 3866 3869 3872 3875 3883 3885 3887 3891 3894 3897 3899 3900 3901 3910 3912 3929 3932 3934 3936 3937 3939 3952 3954 3961 3963 3964 3966 3968 3970 3972 3973 3976 3978 3979 3989 3990 3991 3996 4001 4003 4004 4006 4011 4012 4014 4021 4025 4030 4031 4034 4035 4038 4046 4048 4053 4056 4062 4066 4069 4077 4082 4084 4085 4088 4091 4093 4102 4103 4104 4108 4110 4115 4122 4123 4126 4127 4133 4138 4139 4140 4150 4151 4163 4168 4169 4170 4171 4174 4182 4185 4186 4187 4188 4193 4194 4202 4204 4207 4209 4219 4220 4221 4224 4225 4230 4235 4239 4244 4248 4250 4253 4256 4266 4268 4273 4285 4293 4295 4302 4303 4313 4317 4326 4334 4336 4344 4353 4355 4362 4365 4366 4368 4369 4373 4376 4385 4389 4390 4394 4399 4401 4405 4423 4431 4437 4443 4444 4445 4453 4455 4469 4470 4481 4482 4484 4487 4491 4496 4499 4510 4515 4523 4528 4530 4531 4535 4537 4538 4540 4541 4545 4548 4550 4557 4558 4561 4568 4572 4578 4588 4592 4599 4605 4607 4610 4613 4618 4620 4621 4623 4627 4628 4636 4641 4643 4647 4651 4668 4674 4677 4679 4680 4683 4693 4696 4698 4699 4710 4717 4720 4722 4723 4724 4727 4729 4733 4735 4736 4738 4740 4742 4743 4744 4746 4753 4755 4760 4767 4772 4773 4781 4783 4786 4789 4792 4793 4794 4797 4798 4804 4805 4809 4812 4829 4833 4842 4843 4851 4854 4863 4864 4865 4866 4869 4870 4871 4873 4881 4886 4893 4894 4899 4903 4905 4908 4924 4926 4930 4939 4942 4943 4945 4947 4949 4952 4960 4965 4967 4972 4975 4978 4979 4987 4991 4993 4995 4997 5003 5007 5011 5012 5016 5018 5020 5022 5029 5035 5041 5047 5048 5049 5051 5060 5061 5068 5071 5074 5075 5081 5102 5105 5106 5110 5116 5118 5120 5123 5127 5131 5134 5135 5136 5138 5140 5146 5148 5150 5152 5154 5157 5164 5170 5171 5172 5174 5175 5177 5181 5190 5196 5199 5206 5221 5223 5231 5234 5235 5237 5239 5242 5244 5245 5246 5247 5259 5261 5263 5264 5266 5271 5277 5278 5284 5292 5294 5295 5296 5297 5298 5300 5308 5309 5313 5314 5320 5338 5341 5343 5346 5347 5349 5356 5360 5365 5367 5374 5375 5385 5389 5400 5401 5405 5409 5410 5415 5416 5417 5421 5422 5424 5427 5433 5440 5445 5447 5454 5455 5457 5460 5461 5470 5472 5473 5474 5475 5477 5479 5480 5482 5486 5488 5490 5491 5492 5495 5497 5500 5501 5503 5509 5512 5516 5519 5520 5524 5526 5527 5528 5530 5531 5547 5549 5554 5556 5566 5571 5577 5585 5643 5654 5658 5667 5669 5690 5839 5843 5848 5853 5855 5856 5858 5859 5864 5867 5868 5872 5875 5877 5879 5881 5888 5892 5896 5899 5900 5904 5905 5908 5914 5916 5917 5920 5922 5924 5925 5927 5929 5932 5933 5934 5938 5939 5940 5943 5944 5945 5946 5948 5950 5951 5952 5956 5957 5958 5959 5961 5962 5964 5967 5969 5970 5971 5973 5975 5976 5979 5981 5982 5983 5984 5987 5988 5992 5993 5995 5996 5997 5999 6000 6001 6004 6006 6007 6008 6010 6011 6012 6013 6015 6016 6017 6018 6019 6021 6022 6023 6026 6028 6029 6030 6032 6033 6034 6035 6036 6037 6038 6039 6040 6041 6042 6043 6044 6045 6046 6047 6049 6050 6051 6052 6053 6055 6056 6057 6058 6059 6060 6062 6063 6064 6065 6066 6068 6069 6070 6072 6073 6075 6076 6077 6078 6079 6080 6081 6082 6084 6086 6087 6088 6089 6090 6091 6092 6093 6094 6095 6096 6097 6098 6099 6100 6101 6102 6103 6105 6106 6107 6108 6109 6110 6112 6113 6114 6115 6116 6117 6118 6120 6121 6122 6123 6124 6125 6126 6127 6128 6129 6130 6131 6133 6134 6135 6136 6137 6138 6139 6140 6141 6142 6143 6144 6145 6146 6147 6148 6149 6150 6151 6152 6153 6154 6155 6156 6157 6158 6159 6160 6161 6162 6163 6164 6165 6166 6167 6168 6169 6170 6171 6172 6173 6174 6175 6176 6177 6178 6179 6180 6181 6182 6183 6184 6185 6186 6187 6188 6189 6190 6191 6192 6193 6194 6195 6196 6197 6198 6199 6200 6201 6202 6203 6204 6205 6206 6207 6208 6209 6210 6211 6212 6213 6214 6215 6216 6217 6218 6219 6220 6221 6222 6223 6224 6225 6226 6227 6228 6229 6230 6231 6232 6233 6234 6235 6236 6237 6238 6239 6240 6241 6242 6243 6244 6245 6246 6247 6248 6249 6250 6251 6252 6253 6254 6255 6256 6257 6258 6259 6260 6261 6262 6263 6264 6265 6266 6267 6268 6269 6270 6271 6272 6273 6274 6275 6276 6277 6278 6279 6280 6281 6282 6283 6284 6285 6286 6287 6288 6289 6290 6291 6292 6293 6294 6295 6296 6297 6298 6299 6300 6301 6302 6303 6304 6305 6306 6307 6308 6309 6310 6311 6312 6313 6314 6315 6316 6317 6318 6319 6320 6321 6322 6323 6324 6325 6326 6327 6328 6329 6330 6331 6332 6333 6334 6335 6336 6337 6338 6339 6340 6341 6342 6343 6344 6345 6346 6347 6348 6349 6350 6351 6352 6353 6354 6355 6356 6357 6358 6359 6360 6361 6362 6363 6364 6365 6366 6367 6368 6369 6370 6371 6372 6373 6374 6375 6376 6377 6378 6379 6380 6381 6382 6383 6384 6385 6386 6387 6388 6389 6390 6391 6392 6393 6394 6395 6396 6397 6398 6399 6400 6401 6402 6403 6404 6405 6406 6407 6408 6409 6410 6411 6412 6413 6414 6415 6416 6417 6418 6419 6420 6421 6422 6423 6424 6425 6426 6427 6428 6429 6430 6431 6432 6433 6434 6435 6436 6437 6438 6439 6440 6441 6442 6443 6444 6445 6446 6447 6448 6449 6450 6451 6452 6453 6454 6455 6456 6457 6458 6459 6460 6461 6462 6463 6464 6465 6466 6467 6468 6469 6470 6471 6472 6473 6474 6475 6476 6477 6478 6479 6480 6481 6482 6483 6484 6485 6486 6487 6488 6489 6490 6491 6492 6493 6494 6495 6496 6497 6498 6499 6500 6501 6502 6503 6504 6505 6506 6507 6508 6509 6510 6511 6512 6513 6514 6515 6516 6517 6518 6519 6520 6521 6522 6523 6525 6526 6527 6528 6529 6530 6531 6532 6534 6535 6536 6537 6538 6539 6540 6541 6542 6543 6544 6545 6546 6547 6548 6549 6550 6551 6552 6553 6554 6555 6556 6557 6558 6560 6561 6563 6564 6565 6566 6567 6568 6569 6571 6573 6574 6575 6576 6577 6578 6580 6581 6582 6583 6584 6585 6586 6587 6588 6589 6590 6591 6592 6593 6594 6596 6597 6598 6599 6600 6601 6602 6603 6604 6605 6607 6608 6609 6610 6611 6612 6613 6614 6615 6616 6619 6620 6621 6622 6624 6626 6627 6628 6629 6630 6631 6632 6633 6634 6635 6636 6637 6638 6640 6641 6642 6643 6644 6645 6646 6647 6648 6649 6650 6651 6652 6653 6654 6655 6656 6658 6660 6661 6663 6664 6666 6667 6668 6669 6670 6671 6672 6673 6674 6677 6678 6679 6680 6681 6682 6683 6684 6685 6686 6687 6688 6689 6690 6691 6693 6694 6695 6696 6697 6698 6699 6700 6701 6702 6703 6704 6706 6707 6708 6709 6710 6711 6712 6713 6714 6715 6716 6717 6718 6719 6720 6721 6722 6723 6724 6725 6726 6727 6728 6729 6730 6731 6732 6733 6734 6735 6736 6738 6739 6741 6742 6743 6745 6746 6747 6748 6750 6752 6753 6754 6755 6756 6758 6759 6762 6766 6767 6768 6770 6771 6775 6777 6778 6780 6782 6785 6786 6787 6788 6789 6790 6791 6792 6795 6796 6797 6803 6809 6810 6811 6813 6818 6819 6822 6824 6828 6833 6834 6836 6839 6844 6847 6851 7014 8655 8657 8669 8676 8678 8680 8681 8683 8684 8685 8688 8691 8692 8693 8698 8699 8701 8703 8705 8710 8714 8726 8728 8730 8739 8742 8748 8749 8754 8755 8756 8757 8761 8762 8763 14019 14020 14023 14024 14025 14026 14030 14031 14032 14034 14035 14036 14041 14044 14050 14057 14059 14065 14066 14068 14072 14073 14074 14075 14076 14078 14084 14090 14091 14178 14272 14274 14280 14289 14293 14298 14299 14300 14305 14306 14307 14310 14312 14313 14314 14315 14316 14318 14319 14320 14321 14322 14324 14325 14326 14327 14328 14329 14330 14331 14332 14334 14335 14336 14337 14338 14340 
	}
	manpower=1
	buildings_max_level_factor=1.000
	state_category=town
}

