
state={
	id=21
	name="STATE_21"
	provinces={
		136 226 399 493 510 557 628 733 903 1092 1933 1996 2017 2121 2259 2412 2433 2465 2743 2751 2896 3431 3513 3544 3725 3933 3960 4059 4144 4166 4215 4327 4333 4465 4670 4766 4876 4898 4901 4950 5279 5315 7373 7376 7379 7386 7391 7392 7400 7402 7405 7410 7414 7415 7420 7424 7428 7432 7443 7445 7449 7452 7460 7464 7487 7492 7526 7541 8794 8795 8796 8797 8798 
	}
    
    history={

		add_core_of = ECU
	}
    
	manpower=1
	state_category=town
	buildings_max_level_factor=1.000
}

