
state={
	id=22
	name="STATE_22"
	provinces={
		91 117 118 188 257 294 295 297 354 365 420 454 520 538 558 593 663 783 794 833 886 947 980 1029 1115 1118 1127 1156 1158 1362 1369 1376 1401 1411 1455 1476 1480 1514 1545 1576 1579 1580 1600 1605 1624 1693 1701 1808 1897 1914 1949 1961 1987 2113 2114 2120 2135 2177 2243 2276 2284 2344 2405 2450 2474 2478 2510 2512 2534 2583 2586 2592 2598 2689 2690 2695 2797 2812 2825 2835 2852 2935 2959 2964 2981 3006 3061 3086 3214 3255 3258 3263 3271 3277 3315 3358 3417 3438 3443 3511 3541 3548 3550 3551 3590 3633 3792 3815 3830 3832 3845 3851 3861 3874 3916 3948 3953 4000 4028 4029 4065 4089 4097 4131 4142 4148 4172 4191 4212 4218 4232 4269 4306 4315 4318 4370 4371 4383 4384 4475 4500 4503 4504 4509 4518 4586 4596 4616 4625 4635 4638 4672 4739 4759 4796 4837 4856 4892 4935 4963 4974 5090 5117 5149 5222 5272 5288 5291 5304 5307 5326 5327 5345 5357 7401 7468 7475 7479 7486 7495 7503 7511 7512 7515 7521 7532 7537 7549 7553 7557 7558 7565 7573 7574 7586 7587 7594 7599 7605 7606 7608 7610 7613 7622 7623 7628 7629 7639 7640 7641 7644 7648 7651 7661 7666 7671 7674 7675 7678 7680 7690 7692 7693 7699 7702 7706 7709 7710 7714 7718 7721 7727 7728 7732 7733 7735 7737 7738 7745 7746 7755 7763 7766 7769 7770 7771 7788 7797 7801 7802 7811 7817 7823 7830 7833 7834 7839 7840 7852 7856 7859 7862 7866 7872 7874 7878 7882 7894 7900 7901 7914 7915 7916 7917 7924 7926 7928 7937 7938 7941 7946 7957 7965 7967 7983 7993 7996 8002 8006 8024 8028 14366 14367 
	}
    
    history={

		add_core_of = PRU
	}
    
	manpower=1
	state_category=town
	buildings_max_level_factor=1.000
}

