
state={
	id=23
	name="STATE_23"
	provinces={
		100 149 151 172 227 252 255 288 317 333 375 380 413 464 571 594 601 610 641 729 779 956 1001 1008 1028 1060 1074 1093 1107 1111 1330 1334 1415 1426 1437 1442 1462 1494 1497 1556 1561 1578 1594 1641 1877 1884 1974 2038 2076 2117 2144 2146 2150 2212 2216 2256 2285 2367 2380 2439 2535 2760 2808 2832 2898 3038 3092 3143 3249 3274 3294 3320 3335 3354 3381 3388 3395 3428 3449 3463 3519 3538 3584 3622 3629 3631 3674 3692 3695 3787 3820 3928 3982 3997 4037 4052 4055 4075 4165 4260 4341 4349 4357 4382 4425 4467 4492 4526 4626 4787 4838 4849 4858 4884 4920 4922 4927 4933 4938 4969 4973 5005 5043 5054 5064 5091 5126 5209 5372 7793 7803 7843 7855 7860 7863 7868 7883 7887 7888 7905 7910 7911 7919 7927 7933 7935 7936 7940 7944 7948 7953 7958 7972 7978 7984 7987 7988 7989 7992 7994 7995 7999 8000 8001 8004 8007 8009 8012 8013 8016 8018 8019 8022 8029 8031 8032 8035 8037 8039 8040 8043 8044 8046 8048 8049 8052 8054 8059 8061 8063 8064 8069 8070 8072 8073 8075 8076 8078 8081 8085 8088 8089 8090 8094 8101 8105 8106 8111 8113 8120 8121 8134 8142 8155 8169 8171 8181 8187 8196 14364 14365 14370 14376 
	}
    
    history={

		add_core_of = BOL
	}
    
	manpower=1
	state_category=town
	buildings_max_level_factor=1.000
}

