
state={
	id=24
	name="STATE_24"
	provinces={
		75 196 216 299 393 524 561 562 636 743 803 938 941 960 1045 1046 1094 1215 1319 1322 1331 1349 1366 1433 1451 1503 1507 1508 1593 1630 1668 1671 1745 1817 1896 1926 1942 1948 2111 2116 2131 2198 2206 2299 2340 2370 2371 2420 2442 2553 2564 2682 2739 2745 2771 2772 2914 2919 2927 3001 3020 3037 3060 3101 3342 3379 3416 3494 3517 3636 3663 3665 3693 3707 3730 3823 3833 3914 3931 4058 4083 4137 4214 4267 4387 4461 4534 4544 4564 4580 4701 4715 4808 4835 4860 5042 5079 5153 5275 5287 8093 8115 8143 8150 8215 8237 8250 8299 8327 8331 8337 8350 8359 8410 8419 8427 8433 8457 8460 8467 8473 8484 8486 8495 8510 8512 8526 8540 8542 8544 8549 8550 8553 8558 8565 8567 8572 8576 8580 8586 8591 8593 8594 8602 8605 8609 8610 8620 8621 8626 8640 8641 8803 8804 8805 8806 8807 8808 8810 8811 8813 14027 14396 14398 14401 14402 14403 14404 14405 14406 14407 14408 14412 14417 14419 14421 14422 
	}
    
    history={

		add_core_of = CHL
	}
    
	manpower=1
	state_category=town
	buildings_max_level_factor=1.000
}

