
state={
	id=25
	name="STATE_25"
	provinces={
		19 94 131 154 194 311 313 595 720 727 752 755 858 883 885 914 991 1200 1247 1392 1486 1567 1785 1835 2251 2563 2616 2701 2777 2853 3339 3477 3542 3624 3727 3806 3959 4074 4161 4270 4367 4386 4433 4556 4732 4741 4776 4832 4998 5027 5151 5276 8112 8145 8151 8170 8172 8174 8200 8224 8228 8249 8265 8266 8270 8276 8282 8287 8292 8296 8298 8301 8302 8312 8322 8323 8326 8328 8334 8336 14387 14388 
	}
    
    history={

		add_core_of = PAR
	}
    
	manpower=1
	state_category=town
	buildings_max_level_factor=1.000
}

