
state={
	id=26
	name="STATE_26"

	history={

		add_core_of = ARG

	}

	provinces={
		5 8 47 82 85 87 124 132 147 171 175 176 180 183 187 195 200 205 241 272 276 281 315 316 330 356 400 438 465 477 503 528 556 568 588 598 614 616 621 646 661 701 714 725 739 740 759 793 795 814 821 822 826 857 861 863 873 888 923 950 1000 1004 1023 1032 1053 1084 1121 1165 1178 1201 1207 1230 1238 1244 1254 1258 1273 1296 1304 1332 1343 1373 1431 1444 1449 1464 1500 1528 1553 1554 1559 1571 1588 1597 1602 1604 1647 1650 1651 1662 1680 1686 1688 1698 1715 1716 1740 1742 1750 1761 1775 1777 1780 1782 1786 1794 1809 1813 1865 1890 1944 1954 1967 1980 1982 1988 1990 2037 2046 2049 2052 2062 2069 2071 2072 2086 2091 2104 2180 2182 2205 2210 2231 2274 2282 2283 2287 2290 2322 2326 2336 2337 2338 2347 2354 2384 2393 2396 2409 2417 2457 2470 2471 2475 2507 2515 2523 2533 2550 2560 2571 2580 2594 2612 2619 2649 2650 2671 2674 2681 2686 2692 2718 2724 2736 2752 2759 2766 2786 2799 2805 2807 2813 2815 2848 2851 2860 2879 2899 2906 2911 2934 2939 2940 2946 2951 2955 3018 3044 3050 3057 3066 3067 3071 3085 3091 3111 3130 3139 3161 3233 3243 3257 3289 3290 3311 3338 3343 3344 3345 3361 3363 3411 3420 3427 3433 3474 3476 3488 3505 3520 3522 3531 3533 3535 3537 3553 3558 3596 3630 3660 3661 3683 3698 3738 3741 3757 3778 3789 3808 3890 3895 3896 3924 3935 3941 3949 3950 3955 4018 4024 4041 4064 4067 4117 4121 4129 4180 4197 4199 4211 4229 4236 4242 4271 4284 4292 4300 4311 4330 4331 4343 4477 4478 4480 4495 4506 4525 4527 4624 4633 4646 4656 4665 4666 4669 4673 4676 4684 4685 4691 4718 4762 4763 4764 4790 4813 4815 4819 4823 4830 4846 4852 4883 4895 4916 4966 4968 4983 4994 5032 5037 5059 5063 5066 5095 5098 5111 5112 5130 5133 5163 5179 5188 5197 5202 5205 5215 5241 5249 5267 5268 5281 5283 5317 5368 5373 8199 8202 8212 8223 8241 8247 8248 8251 8260 8269 8280 8284 8289 8293 8295 8297 8303 8304 8306 8307 8308 8309 8314 8315 8316 8318 8320 8321 8324 8325 8332 8340 8342 8343 8345 8346 8347 8348 8352 8354 8356 8361 8362 8366 8367 8368 8369 8372 8373 8375 8376 8377 8382 8384 8385 8387 8389 8390 8392 8393 8395 8396 8397 8399 8400 8402 8407 8408 8413 8415 8417 8418 8421 8423 8424 8425 8428 8429 8430 8431 8434 8435 8438 8439 8440 8441 8442 8443 8445 8447 8448 8451 8452 8453 8455 8456 8458 8461 8462 8463 8464 8465 8466 8468 8470 8471 8472 8475 8476 8477 8478 8479 8480 8481 8482 8483 8487 8489 8490 8492 8493 8496 8497 8498 8499 8500 8501 8503 8504 8506 8507 8509 8511 8513 8515 8516 8518 8519 8521 8522 8523 8528 8531 8532 8533 8534 8535 8537 8539 8541 8543 8545 8546 8547 8548 8551 8552 8554 8555 8556 8557 8559 8560 8561 8562 8563 8564 8566 8568 8569 8570 8571 8573 8574 8575 8577 8578 8579 8581 8582 8583 8584 8585 8587 8588 8589 8590 8592 8595 8596 8597 8598 8599 8600 8601 8603 8604 8606 8607 8608 8611 8612 8613 8614 8615 8616 8617 8618 8619 8622 8623 8624 8625 8627 8628 8629 8630 8631 8632 8633 8642 8643 8802 8812 14389 14390 14393 14394 14395 14397 14399 14400 14409 14410 14413 14415 14416 
	}
	manpower=1
	buildings_max_level_factor=1.000
	state_category=town
}

