
state={
	id=4
	name="STATE_4"

	history={

		add_core_of = MEX

	}

	provinces={
		10 37 64 76 77 78 121 123 141 198 247 260 262 307 327 341 346 381 391 425 446 458 474 519 552 553 574 602 608 679 680 682 700 761 762 767 768 806 820 838 847 855 856 872 929 962 964 983 1012 1016 1054 1059 1062 1075 1104 1147 1170 1177 1182 1216 1217 1250 1256 1266 1272 1275 1279 1302 1303 1306 1346 1363 1364 1367 1531 1542 1570 1581 1595 1612 1614 1635 1663 1678 1700 1757 1805 1822 1826 1834 1881 1892 1895 1971 1989 2012 2014 2023 2031 2063 2088 2128 2132 2159 2168 2171 2173 2225 2246 2255 2261 2300 2301 2360 2375 2377 2389 2402 2410 2431 2466 2467 2481 2495 2497 2538 2539 2540 2568 2575 2590 2597 2603 2611 2624 2658 2660 2677 2694 2698 2699 2762 2776 2785 2790 2857 2864 2881 2882 2912 2933 2936 2954 2989 2994 3019 3023 3046 3054 3078 3088 3096 3097 3123 3132 3133 3137 3195 3201 3202 3212 3217 3224 3229 3236 3239 3241 3291 3323 3326 3360 3405 3413 3419 3422 3425 3451 3457 3464 3528 3539 3565 3570 3572 3585 3594 3595 3641 3652 3664 3668 3681 3691 3705 3715 3746 3790 3796 3797 3803 3816 3835 3838 3870 3886 3903 3944 3956 3957 3958 3967 3986 4005 4020 4045 4047 4057 4060 4095 4096 4100 4101 4114 4119 4136 4141 4206 4272 4283 4296 4310 4328 4335 4346 4354 4363 4378 4395 4398 4400 4403 4406 4407 4411 4418 4438 4468 4472 4473 4474 4486 4493 4507 4512 4520 4546 4555 4559 4567 4581 4590 4593 4622 4631 4637 4661 4688 4705 4706 4726 4769 4774 4778 4784 4785 4810 4853 4862 4867 4868 4875 4882 4911 4912 4928 4929 4940 4946 4964 4996 5006 5034 5045 5058 5065 5078 5178 5180 5198 5224 5226 5337 5355 5362 5366 5371 5380 6524 6533 6559 6562 6570 6572 6579 6595 6606 6617 6618 6623 6625 6639 6657 6659 6662 6665 6675 6676 6692 6705 6737 6740 6744 6749 6751 6757 6760 6761 6763 6764 6765 6769 6772 6773 6774 6776 6779 6781 6783 6784 6793 6794 6798 6799 6800 6801 6802 6804 6805 6806 6807 6808 6812 6814 6815 6816 6817 6820 6821 6823 6825 6826 6827 6829 6830 6831 6832 6835 6837 6838 6840 6841 6842 6843 6845 6846 6848 6849 6850 6852 6853 6854 6855 6856 6857 6858 6859 6860 6861 6862 6863 6864 6865 6866 6867 6868 6869 6870 6871 6872 6873 6874 6875 6876 6877 6878 6879 6880 6881 6882 6883 6884 6885 6886 6887 6888 6891 6892 6894 6896 6897 6898 6900 6902 6904 6907 6908 6910 6911 6915 6916 6917 6918 6919 6921 6922 6923 6924 6926 6927 6929 6930 6932 6934 6935 6936 6938 6939 6940 6942 6945 6946 6947 6948 6949 6950 6951 6952 6953 6954 6955 6957 6958 6959 6960 6962 6963 6964 6965 6967 6968 6969 6970 6971 6973 6975 6976 6977 6978 6979 6980 6982 6984 6985 6986 6987 6990 6991 6993 6994 6995 6996 6997 6998 7000 7002 7003 7004 7005 7006 7007 7008 7009 7010 7011 7012 7013 7016 7017 7018 7019 7021 7022 7024 7025 7026 7027 7028 7030 7031 7033 7034 7035 7038 7039 7040 7041 7042 7043 7045 7046 7047 7048 7049 7051 7052 7053 7054 7055 7058 7059 7060 7061 7062 7063 7064 7065 7066 7067 7068 7069 7070 7071 7072 7077 7080 7086 7089 7093 8758 8759 8760 8767 8773 8775 14333 14339 14341 14342 14344 14345 14347 14348 14349 
	}
	manpower=1
	buildings_max_level_factor=1.000
	state_category=town
}

